  1.67637     0.277396
  1.96148     0.434549
  2.46051     0.873464
  2.94721     1.40683
  2.96348     1.54563
  5.02325     5.0901
  4.94891     5.34971
  9.79432     22.6135
  9.79236     23.7682
  14.8431     37.479
  14.8388     40.2745
  21.6739     47.357
  21.797     50.0526
  29.7038     43.1596
  29.8678     47.4179
  37.6084     37.2048
  40.2537     34.4407
  49.5049     27.3208
  73.8118     15.4758
  98.1088     9.10821
  149.427     4.34637
  201.544     2.60102
  298.686     1.53999
  395.62     1.04082
  492.356     0.803157
  594.941     0.630066
  700.023     0.51091
  802.035     0.428229
  900.143     0.362893
  995.301     0.32321
  1103.91     0.278469
  1216.83     0.257811
  1302.45     0.237339
  1393.7     0.234791
  1474.08     0.224674
  1572.95     0.213814
  1673.34     0.209185
